{
 "cells": [
  {
   "cell_type": "markdown",
   "id": "000e237d",
   "metadata": {},
   "source": [
    "# scrapping daily bts prices"
   ]
  },
  {
   "cell_type": "code",
   "execution_count": 1,
   "id": "f7f32ddd",
   "metadata": {},
   "outputs": [],
   "source": [
    "import requests\n",
    "import pandas as pd\n"
   ]
  },
  {
   "cell_type": "code",
   "execution_count": 2,
   "id": "1be7a7ec",
   "metadata": {},
   "outputs": [],
   "source": [
    "api_key='3c63db1acd4399020c7f6eee92ec77cf'\n",
    "symbol='BTCUSD'\n",
    "query=f'https://financialmodelingprep.com/api/v3/historical-price-full/{symbol}?apikey={api_key}'"
   ]
  },
  {
   "cell_type": "code",
   "execution_count": 3,
   "id": "b0a7e1d7",
   "metadata": {},
   "outputs": [],
   "source": [
    "response=requests.get(query)\n"
   ]
  },
  {
   "cell_type": "code",
   "execution_count": 4,
   "id": "792d32af",
   "metadata": {},
   "outputs": [],
   "source": [
    "btsdaily=pd.DataFrame(response.json()['historical'])\n"
   ]
  },
  {
   "cell_type": "code",
   "execution_count": 5,
   "id": "c918932d",
   "metadata": {},
   "outputs": [
    {
     "data": {
      "text/html": [
       "<div>\n",
       "<style scoped>\n",
       "    .dataframe tbody tr th:only-of-type {\n",
       "        vertical-align: middle;\n",
       "    }\n",
       "\n",
       "    .dataframe tbody tr th {\n",
       "        vertical-align: top;\n",
       "    }\n",
       "\n",
       "    .dataframe thead th {\n",
       "        text-align: right;\n",
       "    }\n",
       "</style>\n",
       "<table border=\"1\" class=\"dataframe\">\n",
       "  <thead>\n",
       "    <tr style=\"text-align: right;\">\n",
       "      <th></th>\n",
       "      <th>date</th>\n",
       "      <th>open</th>\n",
       "      <th>high</th>\n",
       "      <th>low</th>\n",
       "      <th>close</th>\n",
       "      <th>adjClose</th>\n",
       "      <th>volume</th>\n",
       "      <th>unadjustedVolume</th>\n",
       "      <th>change</th>\n",
       "      <th>changePercent</th>\n",
       "      <th>vwap</th>\n",
       "      <th>label</th>\n",
       "      <th>changeOverTime</th>\n",
       "    </tr>\n",
       "  </thead>\n",
       "  <tbody>\n",
       "    <tr>\n",
       "      <th>0</th>\n",
       "      <td>2021-09-01</td>\n",
       "      <td>46909.667969</td>\n",
       "      <td>47217.042969</td>\n",
       "      <td>46573.097656</td>\n",
       "      <td>47041.230469</td>\n",
       "      <td>47041.230469</td>\n",
       "      <td>3.593810e+10</td>\n",
       "      <td>3.593810e+10</td>\n",
       "      <td>131.56250</td>\n",
       "      <td>0.280</td>\n",
       "      <td>46943.79036</td>\n",
       "      <td>September 01, 21</td>\n",
       "      <td>0.00280</td>\n",
       "    </tr>\n",
       "    <tr>\n",
       "      <th>1</th>\n",
       "      <td>2021-08-31</td>\n",
       "      <td>46940.296875</td>\n",
       "      <td>47195.351563</td>\n",
       "      <td>46787.875000</td>\n",
       "      <td>47179.195313</td>\n",
       "      <td>47179.195313</td>\n",
       "      <td>3.043963e+10</td>\n",
       "      <td>3.043963e+10</td>\n",
       "      <td>238.89844</td>\n",
       "      <td>0.509</td>\n",
       "      <td>47054.14063</td>\n",
       "      <td>August 31, 21</td>\n",
       "      <td>0.00509</td>\n",
       "    </tr>\n",
       "    <tr>\n",
       "      <th>2</th>\n",
       "      <td>2021-08-30</td>\n",
       "      <td>48834.851563</td>\n",
       "      <td>48925.605469</td>\n",
       "      <td>46950.273438</td>\n",
       "      <td>47054.984375</td>\n",
       "      <td>47054.984375</td>\n",
       "      <td>3.184701e+10</td>\n",
       "      <td>3.184701e+10</td>\n",
       "      <td>-1779.86719</td>\n",
       "      <td>-3.645</td>\n",
       "      <td>47643.62109</td>\n",
       "      <td>August 30, 21</td>\n",
       "      <td>-0.03645</td>\n",
       "    </tr>\n",
       "    <tr>\n",
       "      <th>3</th>\n",
       "      <td>2021-08-29</td>\n",
       "      <td>48911.250000</td>\n",
       "      <td>49644.113281</td>\n",
       "      <td>47925.855469</td>\n",
       "      <td>48829.832031</td>\n",
       "      <td>48829.832031</td>\n",
       "      <td>2.588965e+10</td>\n",
       "      <td>2.588965e+10</td>\n",
       "      <td>-81.41797</td>\n",
       "      <td>-0.166</td>\n",
       "      <td>48799.93359</td>\n",
       "      <td>August 29, 21</td>\n",
       "      <td>-0.00166</td>\n",
       "    </tr>\n",
       "    <tr>\n",
       "      <th>4</th>\n",
       "      <td>2021-08-28</td>\n",
       "      <td>49072.585938</td>\n",
       "      <td>49283.503906</td>\n",
       "      <td>48499.238281</td>\n",
       "      <td>48902.402344</td>\n",
       "      <td>48902.402344</td>\n",
       "      <td>2.856810e+10</td>\n",
       "      <td>2.856810e+10</td>\n",
       "      <td>-170.18359</td>\n",
       "      <td>-0.347</td>\n",
       "      <td>48895.04818</td>\n",
       "      <td>August 28, 21</td>\n",
       "      <td>-0.00347</td>\n",
       "    </tr>\n",
       "    <tr>\n",
       "      <th>...</th>\n",
       "      <td>...</td>\n",
       "      <td>...</td>\n",
       "      <td>...</td>\n",
       "      <td>...</td>\n",
       "      <td>...</td>\n",
       "      <td>...</td>\n",
       "      <td>...</td>\n",
       "      <td>...</td>\n",
       "      <td>...</td>\n",
       "      <td>...</td>\n",
       "      <td>...</td>\n",
       "      <td>...</td>\n",
       "      <td>...</td>\n",
       "    </tr>\n",
       "    <tr>\n",
       "      <th>1822</th>\n",
       "      <td>2016-09-05</td>\n",
       "      <td>608.989990</td>\n",
       "      <td>609.054993</td>\n",
       "      <td>602.242004</td>\n",
       "      <td>606.590027</td>\n",
       "      <td>606.590027</td>\n",
       "      <td>8.244680e+07</td>\n",
       "      <td>8.244680e+07</td>\n",
       "      <td>-2.39996</td>\n",
       "      <td>-0.394</td>\n",
       "      <td>605.96234</td>\n",
       "      <td>September 05, 16</td>\n",
       "      <td>-0.00394</td>\n",
       "    </tr>\n",
       "    <tr>\n",
       "      <th>1823</th>\n",
       "      <td>2016-09-04</td>\n",
       "      <td>598.590027</td>\n",
       "      <td>611.836975</td>\n",
       "      <td>596.848022</td>\n",
       "      <td>608.633972</td>\n",
       "      <td>608.633972</td>\n",
       "      <td>9.794290e+07</td>\n",
       "      <td>9.794290e+07</td>\n",
       "      <td>10.04395</td>\n",
       "      <td>1.678</td>\n",
       "      <td>605.77299</td>\n",
       "      <td>September 04, 16</td>\n",
       "      <td>0.01678</td>\n",
       "    </tr>\n",
       "    <tr>\n",
       "      <th>1824</th>\n",
       "      <td>2016-09-03</td>\n",
       "      <td>575.554993</td>\n",
       "      <td>599.500000</td>\n",
       "      <td>574.056030</td>\n",
       "      <td>598.211975</td>\n",
       "      <td>598.211975</td>\n",
       "      <td>1.590140e+08</td>\n",
       "      <td>1.590140e+08</td>\n",
       "      <td>22.65698</td>\n",
       "      <td>3.937</td>\n",
       "      <td>590.58934</td>\n",
       "      <td>September 03, 16</td>\n",
       "      <td>0.03937</td>\n",
       "    </tr>\n",
       "    <tr>\n",
       "      <th>1825</th>\n",
       "      <td>2016-09-02</td>\n",
       "      <td>572.409973</td>\n",
       "      <td>575.643005</td>\n",
       "      <td>570.810974</td>\n",
       "      <td>575.536987</td>\n",
       "      <td>575.536987</td>\n",
       "      <td>7.991080e+07</td>\n",
       "      <td>7.991080e+07</td>\n",
       "      <td>3.12701</td>\n",
       "      <td>0.546</td>\n",
       "      <td>573.99699</td>\n",
       "      <td>September 02, 16</td>\n",
       "      <td>0.00546</td>\n",
       "    </tr>\n",
       "    <tr>\n",
       "      <th>1826</th>\n",
       "      <td>2016-09-01</td>\n",
       "      <td>575.546021</td>\n",
       "      <td>576.310974</td>\n",
       "      <td>571.814026</td>\n",
       "      <td>572.302979</td>\n",
       "      <td>572.302979</td>\n",
       "      <td>7.692340e+07</td>\n",
       "      <td>7.692340e+07</td>\n",
       "      <td>-3.24304</td>\n",
       "      <td>-0.563</td>\n",
       "      <td>573.47599</td>\n",
       "      <td>September 01, 16</td>\n",
       "      <td>-0.00563</td>\n",
       "    </tr>\n",
       "  </tbody>\n",
       "</table>\n",
       "<p>1827 rows × 13 columns</p>\n",
       "</div>"
      ],
      "text/plain": [
       "            date          open          high           low         close  \\\n",
       "0     2021-09-01  46909.667969  47217.042969  46573.097656  47041.230469   \n",
       "1     2021-08-31  46940.296875  47195.351563  46787.875000  47179.195313   \n",
       "2     2021-08-30  48834.851563  48925.605469  46950.273438  47054.984375   \n",
       "3     2021-08-29  48911.250000  49644.113281  47925.855469  48829.832031   \n",
       "4     2021-08-28  49072.585938  49283.503906  48499.238281  48902.402344   \n",
       "...          ...           ...           ...           ...           ...   \n",
       "1822  2016-09-05    608.989990    609.054993    602.242004    606.590027   \n",
       "1823  2016-09-04    598.590027    611.836975    596.848022    608.633972   \n",
       "1824  2016-09-03    575.554993    599.500000    574.056030    598.211975   \n",
       "1825  2016-09-02    572.409973    575.643005    570.810974    575.536987   \n",
       "1826  2016-09-01    575.546021    576.310974    571.814026    572.302979   \n",
       "\n",
       "          adjClose        volume  unadjustedVolume      change  changePercent  \\\n",
       "0     47041.230469  3.593810e+10      3.593810e+10   131.56250          0.280   \n",
       "1     47179.195313  3.043963e+10      3.043963e+10   238.89844          0.509   \n",
       "2     47054.984375  3.184701e+10      3.184701e+10 -1779.86719         -3.645   \n",
       "3     48829.832031  2.588965e+10      2.588965e+10   -81.41797         -0.166   \n",
       "4     48902.402344  2.856810e+10      2.856810e+10  -170.18359         -0.347   \n",
       "...            ...           ...               ...         ...            ...   \n",
       "1822    606.590027  8.244680e+07      8.244680e+07    -2.39996         -0.394   \n",
       "1823    608.633972  9.794290e+07      9.794290e+07    10.04395          1.678   \n",
       "1824    598.211975  1.590140e+08      1.590140e+08    22.65698          3.937   \n",
       "1825    575.536987  7.991080e+07      7.991080e+07     3.12701          0.546   \n",
       "1826    572.302979  7.692340e+07      7.692340e+07    -3.24304         -0.563   \n",
       "\n",
       "             vwap             label  changeOverTime  \n",
       "0     46943.79036  September 01, 21         0.00280  \n",
       "1     47054.14063     August 31, 21         0.00509  \n",
       "2     47643.62109     August 30, 21        -0.03645  \n",
       "3     48799.93359     August 29, 21        -0.00166  \n",
       "4     48895.04818     August 28, 21        -0.00347  \n",
       "...           ...               ...             ...  \n",
       "1822    605.96234  September 05, 16        -0.00394  \n",
       "1823    605.77299  September 04, 16         0.01678  \n",
       "1824    590.58934  September 03, 16         0.03937  \n",
       "1825    573.99699  September 02, 16         0.00546  \n",
       "1826    573.47599  September 01, 16        -0.00563  \n",
       "\n",
       "[1827 rows x 13 columns]"
      ]
     },
     "execution_count": 5,
     "metadata": {},
     "output_type": "execute_result"
    }
   ],
   "source": [
    "btsdaily"
   ]
  },
  {
   "cell_type": "code",
   "execution_count": 6,
   "id": "2a4b0c97",
   "metadata": {},
   "outputs": [],
   "source": [
    "btsdaily.to_csv('btsdaily', encoding='utf-8', index=False)\n"
   ]
  },
  {
   "cell_type": "code",
   "execution_count": 7,
   "id": "a43ce1bd",
   "metadata": {},
   "outputs": [
    {
     "data": {
      "text/html": [
       "<div>\n",
       "<style scoped>\n",
       "    .dataframe tbody tr th:only-of-type {\n",
       "        vertical-align: middle;\n",
       "    }\n",
       "\n",
       "    .dataframe tbody tr th {\n",
       "        vertical-align: top;\n",
       "    }\n",
       "\n",
       "    .dataframe thead th {\n",
       "        text-align: right;\n",
       "    }\n",
       "</style>\n",
       "<table border=\"1\" class=\"dataframe\">\n",
       "  <thead>\n",
       "    <tr style=\"text-align: right;\">\n",
       "      <th></th>\n",
       "      <th>date</th>\n",
       "      <th>open</th>\n",
       "      <th>high</th>\n",
       "      <th>low</th>\n",
       "      <th>close</th>\n",
       "      <th>adjClose</th>\n",
       "      <th>volume</th>\n",
       "      <th>unadjustedVolume</th>\n",
       "      <th>change</th>\n",
       "      <th>changePercent</th>\n",
       "      <th>vwap</th>\n",
       "      <th>label</th>\n",
       "      <th>changeOverTime</th>\n",
       "    </tr>\n",
       "  </thead>\n",
       "  <tbody>\n",
       "    <tr>\n",
       "      <th>0</th>\n",
       "      <td>2021-09-01</td>\n",
       "      <td>46909.667969</td>\n",
       "      <td>47217.042969</td>\n",
       "      <td>46573.097656</td>\n",
       "      <td>47041.230469</td>\n",
       "      <td>47041.230469</td>\n",
       "      <td>3.593810e+10</td>\n",
       "      <td>3.593810e+10</td>\n",
       "      <td>131.56250</td>\n",
       "      <td>0.280</td>\n",
       "      <td>46943.79036</td>\n",
       "      <td>September 01, 21</td>\n",
       "      <td>0.00280</td>\n",
       "    </tr>\n",
       "    <tr>\n",
       "      <th>1</th>\n",
       "      <td>2021-08-31</td>\n",
       "      <td>46940.296875</td>\n",
       "      <td>47195.351563</td>\n",
       "      <td>46787.875000</td>\n",
       "      <td>47179.195313</td>\n",
       "      <td>47179.195313</td>\n",
       "      <td>3.043963e+10</td>\n",
       "      <td>3.043963e+10</td>\n",
       "      <td>238.89844</td>\n",
       "      <td>0.509</td>\n",
       "      <td>47054.14063</td>\n",
       "      <td>August 31, 21</td>\n",
       "      <td>0.00509</td>\n",
       "    </tr>\n",
       "    <tr>\n",
       "      <th>2</th>\n",
       "      <td>2021-08-30</td>\n",
       "      <td>48834.851563</td>\n",
       "      <td>48925.605469</td>\n",
       "      <td>46950.273438</td>\n",
       "      <td>47054.984375</td>\n",
       "      <td>47054.984375</td>\n",
       "      <td>3.184701e+10</td>\n",
       "      <td>3.184701e+10</td>\n",
       "      <td>-1779.86719</td>\n",
       "      <td>-3.645</td>\n",
       "      <td>47643.62109</td>\n",
       "      <td>August 30, 21</td>\n",
       "      <td>-0.03645</td>\n",
       "    </tr>\n",
       "    <tr>\n",
       "      <th>3</th>\n",
       "      <td>2021-08-29</td>\n",
       "      <td>48911.250000</td>\n",
       "      <td>49644.113281</td>\n",
       "      <td>47925.855469</td>\n",
       "      <td>48829.832031</td>\n",
       "      <td>48829.832031</td>\n",
       "      <td>2.588965e+10</td>\n",
       "      <td>2.588965e+10</td>\n",
       "      <td>-81.41797</td>\n",
       "      <td>-0.166</td>\n",
       "      <td>48799.93359</td>\n",
       "      <td>August 29, 21</td>\n",
       "      <td>-0.00166</td>\n",
       "    </tr>\n",
       "    <tr>\n",
       "      <th>4</th>\n",
       "      <td>2021-08-28</td>\n",
       "      <td>49072.585938</td>\n",
       "      <td>49283.503906</td>\n",
       "      <td>48499.238281</td>\n",
       "      <td>48902.402344</td>\n",
       "      <td>48902.402344</td>\n",
       "      <td>2.856810e+10</td>\n",
       "      <td>2.856810e+10</td>\n",
       "      <td>-170.18359</td>\n",
       "      <td>-0.347</td>\n",
       "      <td>48895.04818</td>\n",
       "      <td>August 28, 21</td>\n",
       "      <td>-0.00347</td>\n",
       "    </tr>\n",
       "    <tr>\n",
       "      <th>...</th>\n",
       "      <td>...</td>\n",
       "      <td>...</td>\n",
       "      <td>...</td>\n",
       "      <td>...</td>\n",
       "      <td>...</td>\n",
       "      <td>...</td>\n",
       "      <td>...</td>\n",
       "      <td>...</td>\n",
       "      <td>...</td>\n",
       "      <td>...</td>\n",
       "      <td>...</td>\n",
       "      <td>...</td>\n",
       "      <td>...</td>\n",
       "    </tr>\n",
       "    <tr>\n",
       "      <th>1822</th>\n",
       "      <td>2016-09-05</td>\n",
       "      <td>608.989990</td>\n",
       "      <td>609.054993</td>\n",
       "      <td>602.242004</td>\n",
       "      <td>606.590027</td>\n",
       "      <td>606.590027</td>\n",
       "      <td>8.244680e+07</td>\n",
       "      <td>8.244680e+07</td>\n",
       "      <td>-2.39996</td>\n",
       "      <td>-0.394</td>\n",
       "      <td>605.96234</td>\n",
       "      <td>September 05, 16</td>\n",
       "      <td>-0.00394</td>\n",
       "    </tr>\n",
       "    <tr>\n",
       "      <th>1823</th>\n",
       "      <td>2016-09-04</td>\n",
       "      <td>598.590027</td>\n",
       "      <td>611.836975</td>\n",
       "      <td>596.848022</td>\n",
       "      <td>608.633972</td>\n",
       "      <td>608.633972</td>\n",
       "      <td>9.794290e+07</td>\n",
       "      <td>9.794290e+07</td>\n",
       "      <td>10.04395</td>\n",
       "      <td>1.678</td>\n",
       "      <td>605.77299</td>\n",
       "      <td>September 04, 16</td>\n",
       "      <td>0.01678</td>\n",
       "    </tr>\n",
       "    <tr>\n",
       "      <th>1824</th>\n",
       "      <td>2016-09-03</td>\n",
       "      <td>575.554993</td>\n",
       "      <td>599.500000</td>\n",
       "      <td>574.056030</td>\n",
       "      <td>598.211975</td>\n",
       "      <td>598.211975</td>\n",
       "      <td>1.590140e+08</td>\n",
       "      <td>1.590140e+08</td>\n",
       "      <td>22.65698</td>\n",
       "      <td>3.937</td>\n",
       "      <td>590.58934</td>\n",
       "      <td>September 03, 16</td>\n",
       "      <td>0.03937</td>\n",
       "    </tr>\n",
       "    <tr>\n",
       "      <th>1825</th>\n",
       "      <td>2016-09-02</td>\n",
       "      <td>572.409973</td>\n",
       "      <td>575.643005</td>\n",
       "      <td>570.810974</td>\n",
       "      <td>575.536987</td>\n",
       "      <td>575.536987</td>\n",
       "      <td>7.991080e+07</td>\n",
       "      <td>7.991080e+07</td>\n",
       "      <td>3.12701</td>\n",
       "      <td>0.546</td>\n",
       "      <td>573.99699</td>\n",
       "      <td>September 02, 16</td>\n",
       "      <td>0.00546</td>\n",
       "    </tr>\n",
       "    <tr>\n",
       "      <th>1826</th>\n",
       "      <td>2016-09-01</td>\n",
       "      <td>575.546021</td>\n",
       "      <td>576.310974</td>\n",
       "      <td>571.814026</td>\n",
       "      <td>572.302979</td>\n",
       "      <td>572.302979</td>\n",
       "      <td>7.692340e+07</td>\n",
       "      <td>7.692340e+07</td>\n",
       "      <td>-3.24304</td>\n",
       "      <td>-0.563</td>\n",
       "      <td>573.47599</td>\n",
       "      <td>September 01, 16</td>\n",
       "      <td>-0.00563</td>\n",
       "    </tr>\n",
       "  </tbody>\n",
       "</table>\n",
       "<p>1827 rows × 13 columns</p>\n",
       "</div>"
      ],
      "text/plain": [
       "            date          open          high           low         close  \\\n",
       "0     2021-09-01  46909.667969  47217.042969  46573.097656  47041.230469   \n",
       "1     2021-08-31  46940.296875  47195.351563  46787.875000  47179.195313   \n",
       "2     2021-08-30  48834.851563  48925.605469  46950.273438  47054.984375   \n",
       "3     2021-08-29  48911.250000  49644.113281  47925.855469  48829.832031   \n",
       "4     2021-08-28  49072.585938  49283.503906  48499.238281  48902.402344   \n",
       "...          ...           ...           ...           ...           ...   \n",
       "1822  2016-09-05    608.989990    609.054993    602.242004    606.590027   \n",
       "1823  2016-09-04    598.590027    611.836975    596.848022    608.633972   \n",
       "1824  2016-09-03    575.554993    599.500000    574.056030    598.211975   \n",
       "1825  2016-09-02    572.409973    575.643005    570.810974    575.536987   \n",
       "1826  2016-09-01    575.546021    576.310974    571.814026    572.302979   \n",
       "\n",
       "          adjClose        volume  unadjustedVolume      change  changePercent  \\\n",
       "0     47041.230469  3.593810e+10      3.593810e+10   131.56250          0.280   \n",
       "1     47179.195313  3.043963e+10      3.043963e+10   238.89844          0.509   \n",
       "2     47054.984375  3.184701e+10      3.184701e+10 -1779.86719         -3.645   \n",
       "3     48829.832031  2.588965e+10      2.588965e+10   -81.41797         -0.166   \n",
       "4     48902.402344  2.856810e+10      2.856810e+10  -170.18359         -0.347   \n",
       "...            ...           ...               ...         ...            ...   \n",
       "1822    606.590027  8.244680e+07      8.244680e+07    -2.39996         -0.394   \n",
       "1823    608.633972  9.794290e+07      9.794290e+07    10.04395          1.678   \n",
       "1824    598.211975  1.590140e+08      1.590140e+08    22.65698          3.937   \n",
       "1825    575.536987  7.991080e+07      7.991080e+07     3.12701          0.546   \n",
       "1826    572.302979  7.692340e+07      7.692340e+07    -3.24304         -0.563   \n",
       "\n",
       "             vwap             label  changeOverTime  \n",
       "0     46943.79036  September 01, 21         0.00280  \n",
       "1     47054.14063     August 31, 21         0.00509  \n",
       "2     47643.62109     August 30, 21        -0.03645  \n",
       "3     48799.93359     August 29, 21        -0.00166  \n",
       "4     48895.04818     August 28, 21        -0.00347  \n",
       "...           ...               ...             ...  \n",
       "1822    605.96234  September 05, 16        -0.00394  \n",
       "1823    605.77299  September 04, 16         0.01678  \n",
       "1824    590.58934  September 03, 16         0.03937  \n",
       "1825    573.99699  September 02, 16         0.00546  \n",
       "1826    573.47599  September 01, 16        -0.00563  \n",
       "\n",
       "[1827 rows x 13 columns]"
      ]
     },
     "execution_count": 7,
     "metadata": {},
     "output_type": "execute_result"
    }
   ],
   "source": [
    "pd.read_csv('btsdaily')"
   ]
  },
  {
   "cell_type": "markdown",
   "id": "8e4029ea",
   "metadata": {},
   "source": [
    "# basline model using only historical data"
   ]
  },
  {
   "cell_type": "code",
   "execution_count": 8,
   "id": "d69f4bfb",
   "metadata": {},
   "outputs": [],
   "source": [
    "import math\n",
    "import matplotlib.pyplot as plt\n",
    "import keras\n",
    "import numpy as np\n",
    "from keras.models import Sequential\n",
    "from keras.layers import Dense\n",
    "from keras.layers import LSTM\n",
    "from keras.layers import Dropout\n",
    "from keras.layers import *\n",
    "from sklearn.preprocessing import MinMaxScaler\n",
    "from sklearn.metrics import mean_squared_error\n",
    "from sklearn.metrics import mean_absolute_error\n",
    "from sklearn.model_selection import train_test_split\n",
    "from keras.callbacks import EarlyStopping\n"
   ]
  },
  {
   "cell_type": "code",
   "execution_count": 9,
   "id": "b0a2ba52",
   "metadata": {},
   "outputs": [
    {
     "data": {
      "text/html": [
       "<div>\n",
       "<style scoped>\n",
       "    .dataframe tbody tr th:only-of-type {\n",
       "        vertical-align: middle;\n",
       "    }\n",
       "\n",
       "    .dataframe tbody tr th {\n",
       "        vertical-align: top;\n",
       "    }\n",
       "\n",
       "    .dataframe thead th {\n",
       "        text-align: right;\n",
       "    }\n",
       "</style>\n",
       "<table border=\"1\" class=\"dataframe\">\n",
       "  <thead>\n",
       "    <tr style=\"text-align: right;\">\n",
       "      <th></th>\n",
       "      <th>date</th>\n",
       "      <th>open</th>\n",
       "      <th>high</th>\n",
       "      <th>low</th>\n",
       "      <th>close</th>\n",
       "      <th>adjClose</th>\n",
       "      <th>volume</th>\n",
       "      <th>unadjustedVolume</th>\n",
       "      <th>change</th>\n",
       "      <th>changePercent</th>\n",
       "      <th>vwap</th>\n",
       "      <th>label</th>\n",
       "      <th>changeOverTime</th>\n",
       "    </tr>\n",
       "  </thead>\n",
       "  <tbody>\n",
       "    <tr>\n",
       "      <th>0</th>\n",
       "      <td>2016-09-01</td>\n",
       "      <td>575.546021</td>\n",
       "      <td>576.310974</td>\n",
       "      <td>571.814026</td>\n",
       "      <td>572.302979</td>\n",
       "      <td>572.302979</td>\n",
       "      <td>7.692340e+07</td>\n",
       "      <td>7.692340e+07</td>\n",
       "      <td>-3.24304</td>\n",
       "      <td>-0.563</td>\n",
       "      <td>573.47599</td>\n",
       "      <td>September 01, 16</td>\n",
       "      <td>-0.00563</td>\n",
       "    </tr>\n",
       "    <tr>\n",
       "      <th>1</th>\n",
       "      <td>2016-09-02</td>\n",
       "      <td>572.409973</td>\n",
       "      <td>575.643005</td>\n",
       "      <td>570.810974</td>\n",
       "      <td>575.536987</td>\n",
       "      <td>575.536987</td>\n",
       "      <td>7.991080e+07</td>\n",
       "      <td>7.991080e+07</td>\n",
       "      <td>3.12701</td>\n",
       "      <td>0.546</td>\n",
       "      <td>573.99699</td>\n",
       "      <td>September 02, 16</td>\n",
       "      <td>0.00546</td>\n",
       "    </tr>\n",
       "    <tr>\n",
       "      <th>2</th>\n",
       "      <td>2016-09-03</td>\n",
       "      <td>575.554993</td>\n",
       "      <td>599.500000</td>\n",
       "      <td>574.056030</td>\n",
       "      <td>598.211975</td>\n",
       "      <td>598.211975</td>\n",
       "      <td>1.590140e+08</td>\n",
       "      <td>1.590140e+08</td>\n",
       "      <td>22.65698</td>\n",
       "      <td>3.937</td>\n",
       "      <td>590.58934</td>\n",
       "      <td>September 03, 16</td>\n",
       "      <td>0.03937</td>\n",
       "    </tr>\n",
       "    <tr>\n",
       "      <th>3</th>\n",
       "      <td>2016-09-04</td>\n",
       "      <td>598.590027</td>\n",
       "      <td>611.836975</td>\n",
       "      <td>596.848022</td>\n",
       "      <td>608.633972</td>\n",
       "      <td>608.633972</td>\n",
       "      <td>9.794290e+07</td>\n",
       "      <td>9.794290e+07</td>\n",
       "      <td>10.04395</td>\n",
       "      <td>1.678</td>\n",
       "      <td>605.77299</td>\n",
       "      <td>September 04, 16</td>\n",
       "      <td>0.01678</td>\n",
       "    </tr>\n",
       "    <tr>\n",
       "      <th>4</th>\n",
       "      <td>2016-09-05</td>\n",
       "      <td>608.989990</td>\n",
       "      <td>609.054993</td>\n",
       "      <td>602.242004</td>\n",
       "      <td>606.590027</td>\n",
       "      <td>606.590027</td>\n",
       "      <td>8.244680e+07</td>\n",
       "      <td>8.244680e+07</td>\n",
       "      <td>-2.39996</td>\n",
       "      <td>-0.394</td>\n",
       "      <td>605.96234</td>\n",
       "      <td>September 05, 16</td>\n",
       "      <td>-0.00394</td>\n",
       "    </tr>\n",
       "    <tr>\n",
       "      <th>...</th>\n",
       "      <td>...</td>\n",
       "      <td>...</td>\n",
       "      <td>...</td>\n",
       "      <td>...</td>\n",
       "      <td>...</td>\n",
       "      <td>...</td>\n",
       "      <td>...</td>\n",
       "      <td>...</td>\n",
       "      <td>...</td>\n",
       "      <td>...</td>\n",
       "      <td>...</td>\n",
       "      <td>...</td>\n",
       "      <td>...</td>\n",
       "    </tr>\n",
       "    <tr>\n",
       "      <th>1822</th>\n",
       "      <td>2021-08-28</td>\n",
       "      <td>49072.585938</td>\n",
       "      <td>49283.503906</td>\n",
       "      <td>48499.238281</td>\n",
       "      <td>48902.402344</td>\n",
       "      <td>48902.402344</td>\n",
       "      <td>2.856810e+10</td>\n",
       "      <td>2.856810e+10</td>\n",
       "      <td>-170.18359</td>\n",
       "      <td>-0.347</td>\n",
       "      <td>48895.04818</td>\n",
       "      <td>August 28, 21</td>\n",
       "      <td>-0.00347</td>\n",
       "    </tr>\n",
       "    <tr>\n",
       "      <th>1823</th>\n",
       "      <td>2021-08-29</td>\n",
       "      <td>48911.250000</td>\n",
       "      <td>49644.113281</td>\n",
       "      <td>47925.855469</td>\n",
       "      <td>48829.832031</td>\n",
       "      <td>48829.832031</td>\n",
       "      <td>2.588965e+10</td>\n",
       "      <td>2.588965e+10</td>\n",
       "      <td>-81.41797</td>\n",
       "      <td>-0.166</td>\n",
       "      <td>48799.93359</td>\n",
       "      <td>August 29, 21</td>\n",
       "      <td>-0.00166</td>\n",
       "    </tr>\n",
       "    <tr>\n",
       "      <th>1824</th>\n",
       "      <td>2021-08-30</td>\n",
       "      <td>48834.851563</td>\n",
       "      <td>48925.605469</td>\n",
       "      <td>46950.273438</td>\n",
       "      <td>47054.984375</td>\n",
       "      <td>47054.984375</td>\n",
       "      <td>3.184701e+10</td>\n",
       "      <td>3.184701e+10</td>\n",
       "      <td>-1779.86719</td>\n",
       "      <td>-3.645</td>\n",
       "      <td>47643.62109</td>\n",
       "      <td>August 30, 21</td>\n",
       "      <td>-0.03645</td>\n",
       "    </tr>\n",
       "    <tr>\n",
       "      <th>1825</th>\n",
       "      <td>2021-08-31</td>\n",
       "      <td>46940.296875</td>\n",
       "      <td>47195.351563</td>\n",
       "      <td>46787.875000</td>\n",
       "      <td>47179.195313</td>\n",
       "      <td>47179.195313</td>\n",
       "      <td>3.043963e+10</td>\n",
       "      <td>3.043963e+10</td>\n",
       "      <td>238.89844</td>\n",
       "      <td>0.509</td>\n",
       "      <td>47054.14063</td>\n",
       "      <td>August 31, 21</td>\n",
       "      <td>0.00509</td>\n",
       "    </tr>\n",
       "    <tr>\n",
       "      <th>1826</th>\n",
       "      <td>2021-09-01</td>\n",
       "      <td>46909.667969</td>\n",
       "      <td>47217.042969</td>\n",
       "      <td>46573.097656</td>\n",
       "      <td>47041.230469</td>\n",
       "      <td>47041.230469</td>\n",
       "      <td>3.593810e+10</td>\n",
       "      <td>3.593810e+10</td>\n",
       "      <td>131.56250</td>\n",
       "      <td>0.280</td>\n",
       "      <td>46943.79036</td>\n",
       "      <td>September 01, 21</td>\n",
       "      <td>0.00280</td>\n",
       "    </tr>\n",
       "  </tbody>\n",
       "</table>\n",
       "<p>1827 rows × 13 columns</p>\n",
       "</div>"
      ],
      "text/plain": [
       "            date          open          high           low         close  \\\n",
       "0     2016-09-01    575.546021    576.310974    571.814026    572.302979   \n",
       "1     2016-09-02    572.409973    575.643005    570.810974    575.536987   \n",
       "2     2016-09-03    575.554993    599.500000    574.056030    598.211975   \n",
       "3     2016-09-04    598.590027    611.836975    596.848022    608.633972   \n",
       "4     2016-09-05    608.989990    609.054993    602.242004    606.590027   \n",
       "...          ...           ...           ...           ...           ...   \n",
       "1822  2021-08-28  49072.585938  49283.503906  48499.238281  48902.402344   \n",
       "1823  2021-08-29  48911.250000  49644.113281  47925.855469  48829.832031   \n",
       "1824  2021-08-30  48834.851563  48925.605469  46950.273438  47054.984375   \n",
       "1825  2021-08-31  46940.296875  47195.351563  46787.875000  47179.195313   \n",
       "1826  2021-09-01  46909.667969  47217.042969  46573.097656  47041.230469   \n",
       "\n",
       "          adjClose        volume  unadjustedVolume      change  changePercent  \\\n",
       "0       572.302979  7.692340e+07      7.692340e+07    -3.24304         -0.563   \n",
       "1       575.536987  7.991080e+07      7.991080e+07     3.12701          0.546   \n",
       "2       598.211975  1.590140e+08      1.590140e+08    22.65698          3.937   \n",
       "3       608.633972  9.794290e+07      9.794290e+07    10.04395          1.678   \n",
       "4       606.590027  8.244680e+07      8.244680e+07    -2.39996         -0.394   \n",
       "...            ...           ...               ...         ...            ...   \n",
       "1822  48902.402344  2.856810e+10      2.856810e+10  -170.18359         -0.347   \n",
       "1823  48829.832031  2.588965e+10      2.588965e+10   -81.41797         -0.166   \n",
       "1824  47054.984375  3.184701e+10      3.184701e+10 -1779.86719         -3.645   \n",
       "1825  47179.195313  3.043963e+10      3.043963e+10   238.89844          0.509   \n",
       "1826  47041.230469  3.593810e+10      3.593810e+10   131.56250          0.280   \n",
       "\n",
       "             vwap             label  changeOverTime  \n",
       "0       573.47599  September 01, 16        -0.00563  \n",
       "1       573.99699  September 02, 16         0.00546  \n",
       "2       590.58934  September 03, 16         0.03937  \n",
       "3       605.77299  September 04, 16         0.01678  \n",
       "4       605.96234  September 05, 16        -0.00394  \n",
       "...           ...               ...             ...  \n",
       "1822  48895.04818     August 28, 21        -0.00347  \n",
       "1823  48799.93359     August 29, 21        -0.00166  \n",
       "1824  47643.62109     August 30, 21        -0.03645  \n",
       "1825  47054.14063     August 31, 21         0.00509  \n",
       "1826  46943.79036  September 01, 21         0.00280  \n",
       "\n",
       "[1827 rows x 13 columns]"
      ]
     },
     "execution_count": 9,
     "metadata": {},
     "output_type": "execute_result"
    }
   ],
   "source": [
    "df=pd.read_csv('btsdaily')[::-1].reset_index()\n",
    "df=df.drop('index',axis=1)\n",
    "df\n"
   ]
  },
  {
   "cell_type": "code",
   "execution_count": 10,
   "id": "ee013cba",
   "metadata": {},
   "outputs": [],
   "source": [
    "training_split=0.7\n",
    "training_index=int(0.7*len(df))\n",
    "                   \n"
   ]
  },
  {
   "cell_type": "code",
   "execution_count": 11,
   "id": "5ed40855",
   "metadata": {},
   "outputs": [
    {
     "data": {
      "text/plain": [
       "(1278, 1)"
      ]
     },
     "execution_count": 11,
     "metadata": {},
     "output_type": "execute_result"
    }
   ],
   "source": [
    "training_set = df.iloc[:training_index, 1:2].values\n",
    "test_set = df.iloc[training_index:, 1:2].values\n",
    "\n",
    "training_set.shape"
   ]
  },
  {
   "cell_type": "markdown",
   "id": "d2ffcf72",
   "metadata": {},
   "source": [
    "## scaling"
   ]
  },
  {
   "cell_type": "code",
   "execution_count": 97,
   "id": "ca85215b",
   "metadata": {},
   "outputs": [
    {
     "data": {
      "text/plain": [
       "(1258, 20, 1)"
      ]
     },
     "execution_count": 97,
     "metadata": {},
     "output_type": "execute_result"
    }
   ],
   "source": [
    "# Feature Scaling\n",
    "sc = MinMaxScaler(feature_range = (0, 1))\n",
    "training_set_scaled = sc.fit_transform(training_set)\n",
    "\n",
    "#TimeSteps\n",
    "timesteps=20\n",
    "\n",
    "\n",
    "\n",
    "\n",
    "# Creating a data structure with 60 time-steps and 1 output\n",
    "X_train = []\n",
    "y_train = []\n",
    "for i in range(timesteps, training_index):\n",
    "    X_train.append(training_set_scaled[i-timesteps:i, 0])\n",
    "    y_train.append(training_set_scaled[i, 0])\n",
    "X_train, y_train = np.array(X_train), np.array(y_train)\n",
    "X_train = np.reshape(X_train, (X_train.shape[0], X_train.shape[1], 1))\n",
    "X_train.shape"
   ]
  },
  {
   "cell_type": "markdown",
   "id": "6b1df6c0",
   "metadata": {},
   "source": [
    "## model sequential "
   ]
  },
  {
   "cell_type": "code",
   "execution_count": 98,
   "id": "f7d0d330",
   "metadata": {},
   "outputs": [
    {
     "name": "stdout",
     "output_type": "stream",
     "text": [
      "Epoch 1/100\n",
      "40/40 [==============================] - 5s 12ms/step - loss: 0.0999\n",
      "Epoch 2/100\n",
      "40/40 [==============================] - 0s 10ms/step - loss: 0.0418\n",
      "Epoch 3/100\n",
      "40/40 [==============================] - 0s 10ms/step - loss: 0.0371\n",
      "Epoch 4/100\n",
      "40/40 [==============================] - 0s 10ms/step - loss: 0.0355\n",
      "Epoch 5/100\n",
      "40/40 [==============================] - 0s 10ms/step - loss: 0.0328\n",
      "Epoch 6/100\n",
      "40/40 [==============================] - 0s 9ms/step - loss: 0.0334\n",
      "Epoch 7/100\n",
      "40/40 [==============================] - 0s 10ms/step - loss: 0.0330\n",
      "Epoch 8/100\n",
      "40/40 [==============================] - 0s 9ms/step - loss: 0.0357\n",
      "Epoch 9/100\n",
      "40/40 [==============================] - 0s 9ms/step - loss: 0.0319\n",
      "Epoch 10/100\n",
      "40/40 [==============================] - 0s 10ms/step - loss: 0.0315\n",
      "Epoch 11/100\n",
      "40/40 [==============================] - 0s 9ms/step - loss: 0.0314\n",
      "Epoch 12/100\n",
      "40/40 [==============================] - 0s 10ms/step - loss: 0.0301\n",
      "Epoch 13/100\n",
      "40/40 [==============================] - 0s 9ms/step - loss: 0.0313\n",
      "Epoch 14/100\n",
      "40/40 [==============================] - 0s 10ms/step - loss: 0.0287\n",
      "Epoch 15/100\n",
      "40/40 [==============================] - 0s 9ms/step - loss: 0.0300\n",
      "Epoch 16/100\n",
      "40/40 [==============================] - 0s 10ms/step - loss: 0.0275\n",
      "Epoch 17/100\n",
      "40/40 [==============================] - 0s 9ms/step - loss: 0.0247\n",
      "Epoch 18/100\n",
      "40/40 [==============================] - 0s 10ms/step - loss: 0.0291\n",
      "Epoch 19/100\n",
      "40/40 [==============================] - 0s 9ms/step - loss: 0.0274\n",
      "Epoch 20/100\n",
      "40/40 [==============================] - 0s 10ms/step - loss: 0.0253\n",
      "Epoch 21/100\n",
      "40/40 [==============================] - 0s 9ms/step - loss: 0.0259\n",
      "Epoch 22/100\n",
      "40/40 [==============================] - 0s 10ms/step - loss: 0.0268\n",
      "Epoch 23/100\n",
      "40/40 [==============================] - 0s 9ms/step - loss: 0.0259\n",
      "Epoch 24/100\n",
      "40/40 [==============================] - 0s 10ms/step - loss: 0.0261\n",
      "Epoch 25/100\n",
      "40/40 [==============================] - 0s 9ms/step - loss: 0.0249\n",
      "Epoch 26/100\n",
      "40/40 [==============================] - 0s 10ms/step - loss: 0.0264\n",
      "Epoch 27/100\n",
      "40/40 [==============================] - 0s 9ms/step - loss: 0.0247\n",
      "Epoch 28/100\n",
      "40/40 [==============================] - 0s 10ms/step - loss: 0.0256\n",
      "Epoch 29/100\n",
      "40/40 [==============================] - 0s 9ms/step - loss: 0.0240\n",
      "Epoch 30/100\n",
      "40/40 [==============================] - 0s 10ms/step - loss: 0.0236\n",
      "Epoch 31/100\n",
      "40/40 [==============================] - 0s 10ms/step - loss: 0.0236\n",
      "Epoch 32/100\n",
      "40/40 [==============================] - 0s 10ms/step - loss: 0.0250\n",
      "Epoch 33/100\n",
